1000 14.96619999408722
1500 21.164399027824402
2000 30.15199899673462
2500 80.07869899272919
3000 76.54410099983215
3500 99.03610098361969
4000 256.233599960804
4500 352.5852999687195
5000 443.04260098934174
5500 515.762600004673
6000 501.13850098848343
6500 802.261599957943
7000 943.0298010110855
7500 589.3690999746323
8000 1271.3420000076294
8500 1291.5702999830246
9000 1742.074598968029
1000 12.005499005317688
1500 21.898801028728485
2000 32.55180102586746
2500 51.1331000328064
3000 79.22879999876022
3500 97.4143990278244
4000 170.30639904737473
4500 170.48839896917343
5000 209.80170100927353
5500 282.078900039196
6000 398.22519904375076
6500 355.80509996414185
7000 431.7495999932289
7500 677.8290010094643
8000 505.32639998197556
8500 723.0928000211716
9000 645.188100039959
